32.032412 118.80267 10101030141010100657500 2014.10
32.032412 118.80267 10101012121006123107900 2012.10
32.032412 118.80267 10101012120901121708400 2012.09
32.03239 118.80296 10101030141010100657500 2014.10
32.03239 118.80296 10101012121006123107900 2012.10
32.03239 118.80296 10101012120901121708400 2012.09
32.032377 118.80326 10101003141207132817900 2014.12
32.032377 118.80326 10101030141002095151300 2014.10
32.032377 118.80326 10101012121006123107900 2012.10
32.032377 118.80326 10101012120901121713600 2012.09
32.032365 118.80356 10101003141207132824500 2014.12
32.032365 118.80356 10101012120901121720400 2012.09
32.03235 118.80386 10101003141207132830200 2014.12
32.03235 118.80386 10101012120901121725500 2012.09
32.032336 118.80416 10101003141207132835500 2014.12
32.032336 118.80416 10101012120901121729800 2012.09
32.032321 118.80446 10101003141207132841600 2014.12
32.032321 118.80446 10101012120901121735800 2012.09
32.032308 118.80476 10101003141207132845300 2014.12
32.032308 118.80476 10101012120901121739600 2012.09
32.032293 118.80506 10101003141207132849200 2014.12
32.032293 118.80506 10101012120901121743300 2012.09
32.032279 118.80536 10101003141207132854900 2014.12
32.032279 118.80536 10101012120901121747700 2012.09
32.032264 118.80566 10101003141207132906100 2014.12
32.032264 118.80566 10101012120901121752800 2012.09
32.03225 118.80596 10101003141207132911300 2014.12
32.03225 118.80596 10101012120901121756500 2012.09
32.032236 118.80626 10101003141207141110500 2014.12
32.032236 118.80626 10101012120901124936000 2012.09
32.032226 118.80655 10101003141207141106900 2014.12
32.032226 118.80655 10101012120901124932000 2012.09
32.032214 118.80685 10101003141207141103200 2014.12
32.032214 118.80685 10101012120901124928800 2012.09
32.032203 118.80715 10101003141207141059300 2014.12
32.032203 118.80715 10101012120901124925500 2012.09
32.03219 118.80745 10101003141207141054500 2014.12
32.03219 118.80745 10101012120901124921400 2012.09
32.032177 118.80775 10101003141207141050300 2014.12
32.032177 118.80775 10101012120901124918100 2012.09
32.032164 118.80805 10101003141207141046500 2014.12
32.032164 118.80805 10101012120901124914700 2012.09
32.032152 118.80835 10101030131128132822400 2013.11
32.032152 118.80835 10101012120901124909500 2012.09
32.032139 118.80865 10101003141207141037200 2014.12
32.032139 118.80865 10101012120901124906700 2012.09
32.032124 118.80895 10101003141207140958400 2014.12
32.032124 118.80895 10101012120901124857500 2012.09
32.032107 118.80925 10101003141207140950000 2014.12
32.032107 118.80925 10101012120901124849700 2012.09
32.032092 118.80955 10101003141207140933500 2014.12
32.032092 118.80955 10101012120901124843500 2012.09
32.032076 118.80984 10101003141207140929400 2014.12
32.032076 118.80984 10101012120901124839700 2012.09
32.03206 118.81014 10101003141207140925500 2014.12
32.03206 118.81014 10101012120901124835700 2012.09
32.032044 118.81044 10101003141207140922200 2014.12
32.032044 118.81044 10101012120901124831600 2012.09
32.032028 118.81074 10101003141207140919000 2014.12
32.032028 118.81074 10101022120919150724600 2012.09
32.032012 118.81104 10101003141207140915900 2014.12
32.032012 118.81104 10101012120901124821800 2012.09
32.031997 118.81134 10101003141207140912700 2014.12
32.031997 118.81134 10101012120901124655400 2012.09
32.03198 118.81164 10101003141207140909400 2014.12
32.03198 118.81164 10101012120901124651800 2012.09
32.031965 118.81194 10101003141207140905700 2014.12
32.031965 118.81194 10101012120901124648400 2012.09
32.031949 118.81224 10101003141207140902200 2014.12
32.031949 118.81224 10101012120901124644800 2012.09
32.031933 118.81254 10101003141207140857700 2014.12
32.031933 118.81254 10101012120901124639400 2012.09
32.031916 118.81283 10101003141207140854400 2014.12
32.031916 118.81283 10101012120901124634500 2012.09
32.031901 118.81313 10101003141207140851000 2014.12
32.031901 118.81313 10101012120901124630500 2012.09
32.031883 118.81343 10101003141207140847000 2014.12
32.031883 118.81343 10101012120901124626000 2012.09
32.031867 118.81373 10101003141207140814800 2014.12
32.031867 118.81373 10101012120901124622200 2012.09
32.031849 118.81403 10101003141207140808700 2014.12
32.031849 118.81403 10101012120901124617600 2012.09
32.031833 118.81433 10101003141207140800000 2014.12
32.031833 118.81433 10101012120901124613500 2012.09
32.031815 118.81463 10101003141207140753700 2014.12
32.031815 118.81463 10101012120901124608000 2012.09
32.031798 118.81493 10101003141207140738000 2014.12
32.031798 118.81493 10101012120901124601900 2012.09
32.031782 118.81523 10101003141207133329900 2014.12
32.031782 118.81523 10101012120901122214300 2012.09
32.031768 118.81553 10101003141207133333900 2014.12
32.031768 118.81553 10101012120901122218600 2012.09
32.031752 118.81582 10101003141207133339800 2014.12
32.031752 118.81582 10101012120901122223100 2012.09
32.031737 118.81612 10101003141207133426700 2014.12
32.031737 118.81612 10101012120901122229700 2012.09
32.031721 118.81642 10101003141207133433100 2014.12
32.031721 118.81642 10101012120901122233600 2012.09
32.031707 118.81672 10101003141207133534600 2014.12
32.031707 118.81672 10101012120901122237600 2012.09
32.031704 118.81678 10101003141207133539900 2014.12
32.031704 118.81678 10101012120901122408000 2012.09
